partID; gender; age; dB; csPerm; switchPerm; trial; csThisTime; block; cs1; cs2; us; color; pattern; colorFreq; parallelCode; contRating; conRatingRT
101; f; 26; 98; 3; 2; 0; 3; 0; 3; 2; 0; red; diamonds; 15; 76; 100.0; 6.7021202000032645
101; f; 26; 98; 3; 2; 0; 4; 0; 4; 1; 0; red; dots; 12; 41; 100.0; 5.05101179999474
101; f; 26; 98; 3; 2; 0; 1; 0; 1; 4; 0; green; diamonds; 15; 58; 100.0; 2.7430641999962972
101; f; 26; 98; 3; 2; 0; 2; 0; 2; 3; 0; green; dots; 12; 23; 100.0; 2.3105543999990914
101; f; 26; 98; 3; 2; 1; 2; 1; 2; 3; 1; green; dots; 12; 23; 50.0; 8.310540099992068
101; f; 26; 98; 3; 2; 2; 3; 1; 3; 2; 0; red; diamonds; 12; 32; 50.0; 5.709688699993421
101; f; 26; 98; 3; 2; 3; 1; 1; 1; 4; 1; green; diamonds; 15; 58; 100.0; 11.044179599994095
101; f; 26; 98; 3; 2; 4; 2; 1; 2; 3; 0; green; dots; 12; 23; 0.0; 5.468379200014169
101; f; 26; 98; 3; 2; 5; 3; 1; 3; 2; 0; red; diamonds; 15; 76; 0.0; 5.760176700001466
101; f; 26; 98; 3; 2; 6; 4; 1; 4; 1; 0; red; dots; 12; 41; 0.0; 17.437115599997924
101; f; 26; 98; 3; 2; 7; 2; 1; 2; 3; 0; green; dots; 12; 23; 0.0; 1.6841451000072993
101; f; 26; 98; 3; 2; 8; 1; 1; 1; 4; 1; green; diamonds; 12; 14; 100.0; 1.7683604000048945
101; f; 26; 98; 3; 2; 9; 3; 1; 3; 2; 0; red; diamonds; 12; 32; 0.0; 1.3834248000057414
101; f; 26; 98; 3; 2; 10; 2; 1; 2; 3; 0; green; dots; 12; 23; 0.0; 1.3000412000110373
101; f; 26; 98; 3; 2; 11; 4; 1; 4; 1; 0; red; dots; 15; 85; 0.0; 1.6845327999908477
101; f; 26; 98; 3; 2; 12; 1; 1; 1; 4; 0; green; diamonds; 12; 14; 48.0; 10.127319099992746
101; f; 26; 98; 3; 2; 13; 1; 1; 1; 4; 1; green; diamonds; 15; 58; 49.0; 6.7688893000013195
101; f; 26; 98; 3; 2; 14; 4; 1; 4; 1; 0; red; dots; 12; 41; 0.0; 1.7277151000016602
101; f; 26; 98; 3; 2; 15; 2; 1; 2; 3; 0; green; dots; 15; 67; 0.0; 1.342013199988287
101; f; 26; 98; 3; 2; 16; 3; 1; 3; 2; 0; red; diamonds; 12; 32; 0.0; 1.61797690000094
101; f; 26; 98; 3; 2; 17; 4; 1; 4; 1; 0; red; dots; 12; 41; 0.0; 1.2270129000098677
101; f; 26; 98; 3; 2; 18; 1; 1; 1; 4; 1; green; diamonds; 15; 58; 100.0; 3.7008809999970254
101; f; 26; 98; 3; 2; 19; 3; 1; 3; 2; 0; red; diamonds; 15; 76; 1.0; 1.6082681999978377
101; f; 26; 98; 3; 2; 20; 4; 1; 4; 1; 1; red; dots; 15; 85; 49.0; 2.793130200006999
101; f; 26; 98; 3; 2; 21; 4; 1; 4; 1; 0; red; dots; 12; 41; 49.0; 4.191879300007713
101; f; 26; 98; 3; 2; 22; 1; 1; 1; 4; 1; green; diamonds; 15; 58; 100.0; 2.017170699997223
101; f; 26; 98; 3; 2; 23; 3; 1; 3; 2; 0; red; diamonds; 15; 76; 50.0; 1.558796400000574
101; f; 26; 98; 3; 2; 24; 4; 1; 4; 1; 0; red; dots; 12; 41; 50.0; 3.71790050000709
101; f; 26; 98; 3; 2; 25; 3; 1; 3; 2; 0; red; diamonds; 15; 76; 50.0; 1.234892700013006
101; f; 26; 98; 3; 2; 26; 1; 1; 1; 4; 1; green; diamonds; 12; 14; 100.0; 1.3996574000047985
101; f; 26; 98; 3; 2; 27; 3; 1; 3; 2; 0; red; diamonds; 12; 32; 49.0; 3.409863500011852
101; f; 26; 98; 3; 2; 28; 1; 1; 1; 4; 1; green; diamonds; 12; 14; 100.0; 1.7669299999979557
101; f; 26; 98; 3; 2; 29; 4; 1; 4; 1; 1; red; dots; 12; 41; 51.0; 3.0414155000034953
101; f; 26; 98; 3; 2; 30; 2; 1; 2; 3; 0; green; dots; 12; 23; 0.0; 8.23559350000869
101; f; 26; 98; 3; 2; 31; 4; 1; 4; 1; 0; red; dots; 15; 85; 0.0; 2.0509949999977835
101; f; 26; 98; 3; 2; 32; 4; 1; 4; 1; 0; red; dots; 15; 85; 0.0; 2.450362800009316
101; f; 26; 98; 3; 2; 33; 3; 1; 3; 2; 0; red; diamonds; 15; 76; 48.0; 2.9344481000007363
101; f; 26; 98; 3; 2; 34; 1; 1; 1; 4; 0; green; diamonds; 12; 14; 50.0; 2.475843000007444
101; f; 26; 98; 3; 2; 35; 2; 1; 2; 3; 0; green; dots; 15; 67; 1.0; 2.516968399999314
101; f; 26; 98; 3; 2; 36; 2; 1; 2; 3; 0; green; dots; 12; 23; 49.0; 3.6842289000051096
101; f; 26; 98; 3; 2; 37; 3; 1; 3; 2; 0; red; diamonds; 15; 76; 47.0; 3.684532899991609
101; f; 26; 98; 3; 2; 38; 2; 1; 2; 3; 1; green; dots; 12; 23; 50.0; 2.7423255999892717
101; f; 26; 98; 3; 2; 39; 1; 1; 1; 4; 1; green; diamonds; 15; 58; 100.0; 2.935659200011287
101; f; 26; 98; 3; 2; 40; 2; 1; 2; 3; 0; green; dots; 12; 23; 51.0; 2.392466000004788
101; f; 26; 98; 3; 2; 41; 2; 1; 2; 3; 0; green; dots; 12; 23; 50.0; 2.4756488999992143
101; f; 26; 98; 3; 2; 42; 4; 1; 4; 1; 0; red; dots; 15; 85; 0.0; 1.9755542000057176
101; f; 26; 98; 3; 2; 43; 3; 1; 3; 2; 0; red; diamonds; 12; 32; 0.0; 2.5094608000072185
101; f; 26; 98; 3; 2; 44; 1; 1; 1; 4; 0; green; diamonds; 15; 58; 50.0; 1.950846099993214
101; f; 26; 98; 3; 2; 45; 1; 1; 1; 4; 1; green; diamonds; 15; 58; 100.0; 1.284173499996541
101; f; 26; 98; 3; 2; 46; 3; 1; 3; 2; 0; red; diamonds; 15; 76; 0.0; 2.3921236000023782
101; f; 26; 98; 3; 2; 47; 4; 1; 4; 1; 0; red; dots; 15; 85; 1.0; 1.5177611999970395
101; f; 26; 98; 3; 2; 48; 3; 1; 3; 2; 0; red; diamonds; 15; 76; 0.0; 2.3253479999984847
101; f; 26; 98; 3; 2; 49; 1; 1; 1; 4; 1; green; diamonds; 12; 14; 100.0; 1.3095008000091184
101; f; 26; 98; 3; 2; 50; 2; 1; 2; 3; 0; green; dots; 12; 23; 0.0; 1.8929896000045119
101; f; 26; 98; 3; 2; 51; 4; 1; 4; 1; 0; red; dots; 12; 41; 0.0; 1.2185346000042045
101; f; 26; 98; 3; 2; 52; 1; 1; 1; 4; 1; green; diamonds; 15; 58; 99.0; 1.0096192000055453
101; f; 26; 98; 3; 2; 53; 2; 1; 2; 3; 0; green; dots; 12; 23; 1.0; 1.3011215000005905
101; f; 26; 98; 3; 2; 54; 4; 1; 4; 1; 1; red; dots; 15; 85; 48.0; 1.8414830999972764
101; f; 26; 98; 3; 2; 55; 2; 1; 2; 3; 1; green; dots; 12; 23; 50.0; 1.042843700008234
101; f; 26; 98; 3; 2; 56; 1; 1; 1; 4; 1; green; diamonds; 12; 14; 100.0; 1.283750600006897
101; f; 26; 98; 3; 2; 57; 4; 1; 4; 1; 0; red; dots; 15; 85; 0.0; 1.451929699993343
101; f; 26; 98; 3; 2; 58; 3; 1; 3; 2; 0; red; diamonds; 12; 32; 0.0; 1.8750967000087257
101; f; 26; 98; 3; 2; 59; 2; 1; 2; 3; 0; green; dots; 12; 23; 0.0; 1.4674667999934172
101; f; 26; 98; 3; 2; 60; 3; 1; 3; 2; 0; red; diamonds; 15; 76; 0.0; 1.5834936000028392
101; f; 26; 98; 3; 2; 61; 1; 1; 1; 4; 0; green; diamonds; 12; 14; 50.0; 1.1753986999974586
101; f; 26; 98; 3; 2; 62; 4; 1; 4; 1; 0; red; dots; 15; 85; 49.0; 5.075760599997011
101; f; 26; 98; 3; 2; 63; 1; 1; 1; 4; 1; green; diamonds; 15; 58; 100.0; 0.8598587000014959
101; f; 26; 98; 3; 2; 64; 2; 1; 2; 3; 1; green; dots; 12; 23; 50.0; 2.1186783999874024
101; f; 26; 98; 3; 2; 65; 4; 1; 4; 1; 0; red; dots; 12; 41; 0.0; 2.0508512999949744
101; f; 26; 98; 3; 2; 66; 2; 1; 2; 3; 0; green; dots; 15; 67; 0.0; 1.383421399994404
101; f; 26; 98; 3; 2; 67; 2; 1; 2; 3; 0; green; dots; 15; 67; 0.0; 1.5008432000031462
101; f; 26; 98; 3; 2; 68; 2; 1; 2; 3; 0; green; dots; 15; 67; 0.0; 1.424989099992672
101; f; 26; 98; 3; 2; 69; 3; 1; 3; 2; 0; red; diamonds; 12; 32; 0.0; 1.3682575999991968
101; f; 26; 98; 3; 2; 70; 1; 1; 1; 4; 1; green; diamonds; 15; 58; 100.0; 1.4347823999996763
101; f; 26; 98; 3; 2; 71; 3; 1; 3; 2; 0; red; diamonds; 12; 32; 0.0; 1.6501002000004519
101; f; 26; 98; 3; 2; 72; 1; 1; 1; 4; 1; green; diamonds; 12; 14; 100.0; 1.2851897000073222
101; f; 26; 98; 3; 2; 73; 2; 1; 2; 3; 0; green; dots; 15; 67; 0.0; 1.4430398999975296
101; f; 26; 98; 3; 2; 74; 4; 1; 4; 1; 1; red; dots; 15; 85; 49.0; 1.5000411000073655
101; f; 26; 98; 3; 2; 75; 1; 1; 1; 4; 1; green; diamonds; 15; 58; 100.0; 1.2254596999991918
101; f; 26; 98; 3; 2; 76; 3; 1; 3; 2; 0; red; diamonds; 12; 32; 0.0; 1.5600143000046955
101; f; 26; 98; 3; 2; 77; 3; 1; 3; 2; 0; red; diamonds; 15; 76; 0.0; 1.317488200002117
101; f; 26; 98; 3; 2; 78; 4; 1; 4; 1; 0; red; dots; 12; 41; 0.0; 1.583864000000176
101; f; 26; 98; 3; 2; 79; 4; 1; 4; 1; 0; red; dots; 12; 41; 0.0; 1.692475400006515
101; f; 26; 98; 3; 2; 80; 3; 1; 3; 2; 0; red; diamonds; 12; 32; 1.0; 1.1840926000004401
101; f; 26; 98; 3; 2; 81; 1; 2; 4; 1; 1; red; dots; 12; 141; 49.0; 1.541683200004627
101; f; 26; 98; 3; 2; 82; 1; 2; 4; 1; 1; red; dots; 12; 141; 50.0; 1.2916100000002189
101; f; 26; 98; 3; 2; 83; 3; 2; 2; 3; 0; green; dots; 12; 123; 0.0; 1.2911598999926355
101; f; 26; 98; 3; 2; 84; 3; 2; 2; 3; 0; green; dots; 15; 167; 0.0; 1.200815699994564
101; f; 26; 98; 3; 2; 85; 3; 2; 2; 3; 0; green; dots; 12; 123; 0.0; 1.7260172000096645
101; f; 26; 98; 3; 2; 86; 3; 2; 2; 3; 0; green; dots; 15; 167; 0.0; 1.325619099996402
101; f; 26; 98; 3; 2; 87; 1; 2; 4; 1; 0; red; dots; 15; 185; 48.0; 3.5345467000006465
101; f; 26; 98; 3; 2; 88; 2; 2; 3; 2; 0; red; diamonds; 15; 176; 0.0; 1.2175095999991754
101; f; 26; 98; 3; 2; 89; 2; 2; 3; 2; 1; red; diamonds; 12; 132; 49.0; 1.3095338999992236
101; f; 26; 98; 3; 2; 90; 4; 2; 1; 4; 0; green; diamonds; 15; 158; 48.0; 1.7755897999886656
101; f; 26; 98; 3; 2; 91; 2; 2; 3; 2; 0; red; diamonds; 15; 176; 0.0; 1.8104878000012832
101; f; 26; 98; 3; 2; 92; 4; 2; 1; 4; 0; green; diamonds; 12; 114; 48.0; 1.9248969000036595
101; f; 26; 98; 3; 2; 93; 1; 2; 4; 1; 1; red; dots; 12; 141; 49.0; 0.9253521000064211
101; f; 26; 98; 3; 2; 94; 4; 2; 1; 4; 0; green; diamonds; 12; 114; 48.0; 1.5749252999958117
101; f; 26; 98; 3; 2; 95; 2; 2; 3; 2; 0; red; diamonds; 15; 176; 0.0; 1.7441465000010794
101; f; 26; 98; 3; 2; 96; 4; 2; 1; 4; 1; green; diamonds; 12; 114; 100.0; 1.3338917999935802
101; f; 26; 98; 3; 2; 97; 4; 2; 1; 4; 0; green; diamonds; 12; 114; 51.0; 0.8673264000099152
101; f; 26; 98; 3; 2; 98; 2; 2; 3; 2; 0; red; diamonds; 12; 132; 0.0; 1.1007829000009224
101; f; 26; 98; 3; 2; 99; 3; 2; 2; 3; 0; green; dots; 12; 123; 0.0; 1.5505570999957854
101; f; 26; 98; 3; 2; 100; 1; 2; 4; 1; 1; red; dots; 12; 141; 49.0; 1.5411926999950083
101; f; 26; 98; 3; 2; 101; 3; 2; 2; 3; 0; green; dots; 15; 167; 0.0; 1.760346800001571
101; f; 26; 98; 3; 2; 102; 1; 2; 4; 1; 1; red; dots; 12; 141; 49.0; 1.0428736999892863
101; f; 26; 98; 3; 2; 103; 3; 2; 2; 3; 0; green; dots; 15; 167; 0.0; 1.3435720999987097
101; f; 26; 98; 3; 2; 104; 1; 2; 4; 1; 1; red; dots; 15; 185; 100.0; 1.241340799999307
101; f; 26; 98; 3; 2; 105; 2; 2; 3; 2; 0; red; diamonds; 15; 176; 0.0; 1.5414142000081483
101; f; 26; 98; 3; 2; 106; 4; 2; 1; 4; 0; green; diamonds; 15; 158; 49.0; 1.6504155000002356
101; f; 26; 98; 3; 2; 107; 3; 2; 2; 3; 0; green; dots; 12; 123; 0.0; 1.8582063000067137
101; f; 26; 98; 3; 2; 108; 1; 2; 4; 1; 1; red; dots; 12; 141; 100.0; 1.6509139999980107
101; f; 26; 98; 3; 2; 109; 3; 2; 2; 3; 0; green; dots; 12; 123; 1.0; 1.676443999996991
101; f; 26; 98; 3; 2; 110; 2; 2; 3; 2; 0; red; diamonds; 15; 176; 0.0; 1.2849419000121998
101; f; 26; 98; 3; 2; 111; 4; 2; 1; 4; 0; green; diamonds; 15; 158; 0.0; 1.6172882999962894
101; f; 26; 98; 3; 2; 112; 2; 2; 3; 2; 1; red; diamonds; 15; 176; 48.0; 1.0012043000024278
101; f; 26; 98; 3; 2; 113; 4; 2; 1; 4; 1; green; diamonds; 12; 114; 49.0; 0.941032400005497
101; f; 26; 98; 3; 2; 114; 2; 2; 3; 2; 0; red; diamonds; 15; 176; 48.0; 2.86745659999724
101; f; 26; 98; 3; 2; 115; 3; 2; 2; 3; 0; green; dots; 12; 123; 0.0; 1.4010261999937939
101; f; 26; 98; 3; 2; 116; 2; 2; 3; 2; 0; red; diamonds; 15; 176; 0.0; 1.2678632000024663
101; f; 26; 98; 3; 2; 117; 1; 2; 4; 1; 0; red; dots; 15; 185; 50.0; 1.4251268999942113
101; f; 26; 98; 3; 2; 118; 1; 2; 4; 1; 1; red; dots; 15; 185; 48.0; 1.5425244000070961
101; f; 26; 98; 3; 2; 119; 4; 2; 1; 4; 0; green; diamonds; 15; 158; 0.0; 2.167595600010827
101; f; 26; 98; 3; 2; 120; 4; 2; 1; 4; 0; green; diamonds; 12; 114; 0.0; 2.216965400002664
101; f; 26; 98; 3; 2; 121; 4; 2; 1; 4; 0; green; diamonds; 12; 114; 0.0; 1.433862500009127
101; f; 26; 98; 3; 2; 122; 1; 2; 4; 1; 1; red; dots; 15; 185; 100.0; 1.0170278000005055
101; f; 26; 98; 3; 2; 123; 3; 2; 2; 3; 0; green; dots; 15; 167; 1.0; 1.1422309000045061
101; f; 26; 98; 3; 2; 124; 2; 2; 3; 2; 0; red; diamonds; 15; 176; 0.0; 2.3349442000035197
101; f; 26; 98; 3; 2; 125; 2; 2; 3; 2; 0; red; diamonds; 15; 176; 0.0; 2.551067799999146
101; f; 26; 98; 3; 2; 126; 2; 2; 3; 2; 0; red; diamonds; 12; 132; 0.0; 1.1180185999983223
101; f; 26; 98; 3; 2; 127; 2; 2; 3; 2; 0; red; diamonds; 12; 132; 0.0; 1.5171765999984927
101; f; 26; 98; 3; 2; 128; 1; 2; 4; 1; 0; red; dots; 12; 141; 49.0; 1.6589366999978665
101; f; 26; 98; 3; 2; 129; 4; 2; 1; 4; 0; green; diamonds; 12; 114; 0.0; 1.1587695000052918
101; f; 26; 98; 3; 2; 130; 1; 2; 4; 1; 1; red; dots; 15; 185; 100.0; 1.6422205999988364
101; f; 26; 98; 3; 2; 131; 3; 2; 2; 3; 0; green; dots; 12; 123; 0.0; 1.0583073000016157
101; f; 26; 98; 3; 2; 132; 2; 2; 3; 2; 1; red; diamonds; 12; 132; 48.0; 1.0577572000038344
101; f; 26; 98; 3; 2; 133; 1; 2; 4; 1; 1; red; dots; 12; 141; 100.0; 1.3093564000009792
101; f; 26; 98; 3; 2; 134; 3; 2; 2; 3; 0; green; dots; 12; 123; 0.0; 1.5930247999931453
101; f; 26; 98; 3; 2; 135; 3; 2; 2; 3; 0; green; dots; 15; 167; 0.0; 1.4597721000027377
101; f; 26; 98; 3; 2; 136; 1; 2; 4; 1; 1; red; dots; 12; 141; 100.0; 1.176702099997783
101; f; 26; 98; 3; 2; 137; 3; 2; 2; 3; 0; green; dots; 15; 167; 0.0; 1.5003140000044368
101; f; 26; 98; 3; 2; 138; 4; 2; 1; 4; 1; green; diamonds; 15; 158; 48.0; 1.4437029999971855
101; f; 26; 98; 3; 2; 139; 4; 2; 1; 4; 0; green; diamonds; 15; 158; 47.0; 1.3080716999975266
101; f; 26; 98; 3; 2; 140; 4; 2; 1; 4; 0; green; diamonds; 15; 158; 50.0; 1.1745872000028612
101; f; 26; 98; 3; 2; 141; 2; 2; 3; 2; 0; red; diamonds; 15; 176; 49.0; 2.7019872999953805
101; f; 26; 98; 3; 2; 142; 3; 2; 2; 3; 0; green; dots; 15; 167; 0.0; 1.7501558999938425
101; f; 26; 98; 3; 2; 143; 2; 2; 3; 2; 0; red; diamonds; 15; 176; 0.0; 4.30242000000726
101; f; 26; 98; 3; 2; 144; 1; 2; 4; 1; 1; red; dots; 12; 141; 100.0; 1.176221000001533
101; f; 26; 98; 3; 2; 145; 2; 2; 3; 2; 0; red; diamonds; 12; 132; 51.0; 3.5009501000022283
101; f; 26; 98; 3; 2; 146; 2; 2; 3; 2; 0; red; diamonds; 12; 132; 49.0; 1.5251534999988507
101; f; 26; 98; 3; 2; 147; 1; 2; 4; 1; 0; red; dots; 15; 185; 48.0; 1.2675321999995504
101; f; 26; 98; 3; 2; 148; 1; 2; 4; 1; 1; red; dots; 12; 141; 100.0; 1.301900200007367
101; f; 26; 98; 3; 2; 149; 2; 2; 3; 2; 1; red; diamonds; 15; 176; 52.0; 2.7428479000082007
101; f; 26; 98; 3; 2; 150; 4; 2; 1; 4; 1; green; diamonds; 15; 158; 51.0; 1.0272839999961434
101; f; 26; 98; 3; 2; 151; 4; 2; 1; 4; 0; green; diamonds; 15; 158; 50.0; 1.118934400001308
101; f; 26; 98; 3; 2; 152; 1; 2; 4; 1; 1; red; dots; 15; 185; 100.0; 0.8675177000113763
101; f; 26; 98; 3; 2; 153; 4; 2; 1; 4; 0; green; diamonds; 15; 158; 49.0; 2.4519162000069628
101; f; 26; 98; 3; 2; 154; 4; 2; 1; 4; 0; green; diamonds; 15; 158; 50.0; 1.2583404000033624
101; f; 26; 98; 3; 2; 155; 3; 2; 2; 3; 0; green; dots; 15; 167; 0.0; 1.769020099993213
101; f; 26; 98; 3; 2; 156; 3; 2; 2; 3; 0; green; dots; 12; 123; 0.0; 1.743703000000096
101; f; 26; 98; 3; 2; 157; 1; 2; 4; 1; 1; red; dots; 15; 185; 100.0; 1.8084520999982487
101; f; 26; 98; 3; 2; 158; 4; 2; 1; 4; 0; green; diamonds; 15; 158; 52.0; 1.1774061000032816
101; f; 26; 98; 3; 2; 159; 3; 2; 2; 3; 0; green; dots; 15; 167; 1.0; 1.0098706999997376
101; f; 26; 98; 3; 2; 160; 3; 2; 2; 3; 0; green; dots; 12; 123; 0.0; 1.7418978000059724
