partID; gender; age; dB; csPerm; switchPerm; trial; csThisTime; block; cs1; cs2; us; color; pattern; colorFreq; parallelCode; contRating; conRatingRT
109; f; 26; 98; 0; 2; 0; 3; 0; 3; 2; 0; green; dots; 12; 32; 0.0; 7.95956849999493
109; f; 26; 98; 0; 2; 0; 1; 0; 1; 4; 0; red; dots; 15; 58; 0.0; 3.760683100001188
109; f; 26; 98; 0; 2; 0; 4; 0; 4; 1; 0; green; diamonds; 15; 85; 0.0; 2.9748822999972617
109; f; 26; 98; 0; 2; 0; 2; 0; 2; 3; 0; red; diamonds; 12; 23; 0.0; 2.7689929000043776
109; f; 26; 98; 0; 2; 1; 4; 1; 4; 1; 1; green; diamonds; 15; 85; 20.0; 5.801548500006902
109; f; 26; 98; 0; 2; 2; 2; 1; 2; 3; 0; red; diamonds; 15; 67; 0.0; 2.18507099999988
109; f; 26; 98; 0; 2; 3; 2; 1; 2; 3; 0; red; diamonds; 15; 67; 0.0; 2.5931959000008646
109; f; 26; 98; 0; 2; 4; 1; 1; 1; 4; 1; red; dots; 12; 14; 11.0; 4.619482500012964
109; f; 26; 98; 0; 2; 5; 2; 1; 2; 3; 0; red; diamonds; 12; 23; 0.0; 3.051417399998172
109; f; 26; 98; 0; 2; 6; 2; 1; 2; 3; 1; red; diamonds; 15; 67; 72.0; 5.95994200000132
109; f; 26; 98; 0; 2; 7; 3; 1; 3; 2; 0; green; dots; 15; 76; 0.0; 1.8176168000063626
109; f; 26; 98; 0; 2; 8; 4; 1; 4; 1; 0; green; diamonds; 12; 41; 0.0; 2.167750900000101
109; f; 26; 98; 0; 2; 9; 4; 1; 4; 1; 0; green; diamonds; 12; 41; 14.0; 4.026076300011482
109; f; 26; 98; 0; 2; 10; 1; 1; 1; 4; 0; red; dots; 12; 14; 13.0; 2.925795500006643
109; f; 26; 98; 0; 2; 11; 3; 1; 3; 2; 0; green; dots; 15; 76; 4.0; 2.8685809999878984
109; f; 26; 98; 0; 2; 12; 1; 1; 1; 4; 1; red; dots; 15; 58; 73.0; 5.692186599990237
109; f; 26; 98; 0; 2; 13; 3; 1; 3; 2; 0; green; dots; 15; 76; 19.0; 2.675241000004462
109; f; 26; 98; 0; 2; 14; 3; 1; 3; 2; 0; green; dots; 15; 76; 33.0; 5.819440999999642
109; f; 26; 98; 0; 2; 15; 1; 1; 1; 4; 1; red; dots; 15; 58; 64.0; 2.751538199998322
109; f; 26; 98; 0; 2; 16; 4; 1; 4; 1; 0; green; diamonds; 12; 41; 18.0; 2.059970799993607
109; f; 26; 98; 0; 2; 17; 2; 1; 2; 3; 0; red; diamonds; 12; 23; 53.0; 5.943157299989252
109; f; 26; 98; 0; 2; 18; 3; 1; 3; 2; 0; green; dots; 15; 76; 55.0; 3.1681505000015022
109; f; 26; 98; 0; 2; 19; 4; 1; 4; 1; 0; green; diamonds; 15; 85; 40.0; 2.860136000002967
109; f; 26; 98; 0; 2; 20; 1; 1; 1; 4; 1; red; dots; 12; 14; 56.0; 2.3002072000090266
109; f; 26; 98; 0; 2; 21; 3; 1; 3; 2; 0; green; dots; 15; 76; 42.0; 6.62751500000013
109; f; 26; 98; 0; 2; 22; 1; 1; 1; 4; 1; red; dots; 15; 58; 66.0; 2.252089400004479
109; f; 26; 98; 0; 2; 23; 2; 1; 2; 3; 0; red; diamonds; 15; 67; 65.0; 2.067045199990389
109; f; 26; 98; 0; 2; 24; 2; 1; 2; 3; 0; red; diamonds; 15; 67; 67.0; 5.883629999996629
109; f; 26; 98; 0; 2; 25; 2; 1; 2; 3; 0; red; diamonds; 15; 67; 43.0; 2.6263906999956816
109; f; 26; 98; 0; 2; 26; 3; 1; 3; 2; 0; green; dots; 12; 32; 40.0; 4.659654999995837
109; f; 26; 98; 0; 2; 27; 3; 1; 3; 2; 0; green; dots; 15; 76; 40.0; 1.7342590000043856
109; f; 26; 98; 0; 2; 28; 4; 1; 4; 1; 0; green; diamonds; 12; 41; 18.0; 2.8430483999982243
109; f; 26; 98; 0; 2; 29; 3; 1; 3; 2; 0; green; dots; 12; 32; 41.0; 2.708401199997752
109; f; 26; 98; 0; 2; 30; 1; 1; 1; 4; 1; red; dots; 12; 14; 88.0; 3.043141600006493
109; f; 26; 98; 0; 2; 31; 4; 1; 4; 1; 0; green; diamonds; 12; 41; 38.0; 1.8004457000060938
109; f; 26; 98; 0; 2; 32; 4; 1; 4; 1; 0; green; diamonds; 15; 85; 40.0; 2.6501924000040162
109; f; 26; 98; 0; 2; 33; 1; 1; 1; 4; 1; red; dots; 12; 14; 73.0; 2.3596162000030745
109; f; 26; 98; 0; 2; 34; 1; 1; 1; 4; 1; red; dots; 12; 14; 80.0; 1.6277650999982143
109; f; 26; 98; 0; 2; 35; 2; 1; 2; 3; 0; red; diamonds; 12; 23; 84.0; 2.37481029999617
109; f; 26; 98; 0; 2; 36; 4; 1; 4; 1; 0; green; diamonds; 15; 85; 35.0; 1.9001728000002913
109; f; 26; 98; 0; 2; 37; 2; 1; 2; 3; 1; red; diamonds; 12; 23; 87.0; 1.0665357000107178
109; f; 26; 98; 0; 2; 38; 4; 1; 4; 1; 1; green; diamonds; 12; 41; 44.0; 3.0836953000107314
109; f; 26; 98; 0; 2; 39; 3; 1; 3; 2; 0; green; dots; 12; 32; 19.0; 1.7173041999922134
109; f; 26; 98; 0; 2; 40; 1; 1; 1; 4; 0; red; dots; 15; 58; 75.0; 1.9849338000058196
109; f; 26; 98; 0; 2; 41; 3; 1; 3; 2; 0; green; dots; 15; 76; 42.0; 2.1926623999897856
109; f; 26; 98; 0; 2; 42; 4; 1; 4; 1; 0; green; diamonds; 15; 85; 39.0; 2.041213800010155
109; f; 26; 98; 0; 2; 43; 2; 1; 2; 3; 0; red; diamonds; 15; 67; 54.0; 3.81055429999833
109; f; 26; 98; 0; 2; 44; 4; 1; 4; 1; 0; green; diamonds; 15; 85; 20.0; 2.008434600007604
109; f; 26; 98; 0; 2; 45; 1; 1; 1; 4; 0; red; dots; 12; 14; 36.0; 3.6920639000018127
109; f; 26; 98; 0; 2; 46; 3; 1; 3; 2; 0; green; dots; 12; 32; 33.0; 1.7999951999954646
109; f; 26; 98; 0; 2; 47; 4; 1; 4; 1; 0; green; diamonds; 15; 85; 31.0; 1.5685801000072388
109; f; 26; 98; 0; 2; 48; 4; 1; 4; 1; 1; green; diamonds; 12; 41; 56.0; 7.80232370000158
109; f; 26; 98; 0; 2; 49; 2; 1; 2; 3; 0; red; diamonds; 15; 67; 41.0; 2.0767324000044027
109; f; 26; 98; 0; 2; 50; 2; 1; 2; 3; 0; red; diamonds; 12; 23; 51.0; 2.7671897999971407
109; f; 26; 98; 0; 2; 51; 1; 1; 1; 4; 1; red; dots; 15; 58; 57.0; 5.868554700005916
109; f; 26; 98; 0; 2; 52; 4; 1; 4; 1; 0; green; diamonds; 15; 85; 43.0; 3.509681700001238
109; f; 26; 98; 0; 2; 53; 1; 1; 1; 4; 1; red; dots; 15; 58; 57.0; 1.8671544999961043
109; f; 26; 98; 0; 2; 54; 1; 1; 1; 4; 1; red; dots; 15; 58; 57.0; 2.958268999995198
109; f; 26; 98; 0; 2; 55; 2; 1; 2; 3; 0; red; diamonds; 15; 67; 39.0; 3.6527027000120142
109; f; 26; 98; 0; 2; 56; 1; 1; 1; 4; 1; red; dots; 12; 14; 64.0; 3.48324689999572
109; f; 26; 98; 0; 2; 57; 3; 1; 3; 2; 0; green; dots; 15; 76; 44.0; 1.5175034999992931
109; f; 26; 98; 0; 2; 58; 3; 1; 3; 2; 0; green; dots; 15; 76; 50.0; 2.9344644999946468
109; f; 26; 98; 0; 2; 59; 3; 1; 3; 2; 0; green; dots; 12; 32; 46.0; 2.575252399998135
109; f; 26; 98; 0; 2; 60; 2; 1; 2; 3; 1; red; diamonds; 12; 23; 65.0; 3.2259249999915482
109; f; 26; 98; 0; 2; 61; 2; 1; 2; 3; 0; red; diamonds; 15; 67; 59.0; 3.459645900002215
109; f; 26; 98; 0; 2; 62; 3; 1; 3; 2; 0; green; dots; 15; 76; 37.0; 1.476318100001663
109; f; 26; 98; 0; 2; 63; 4; 1; 4; 1; 0; green; diamonds; 15; 85; 45.0; 1.6776024999999208
109; f; 26; 98; 0; 2; 64; 4; 1; 4; 1; 1; green; diamonds; 12; 41; 55.0; 4.326744000005419
109; f; 26; 98; 0; 2; 65; 4; 1; 4; 1; 0; green; diamonds; 12; 41; 57.0; 1.6504164999932982
109; f; 26; 98; 0; 2; 66; 3; 1; 3; 2; 0; green; dots; 15; 76; 42.0; 3.3502218000066932
109; f; 26; 98; 0; 2; 67; 2; 1; 2; 3; 0; red; diamonds; 15; 67; 59.0; 1.4916541000129655
109; f; 26; 98; 0; 2; 68; 2; 1; 2; 3; 0; red; diamonds; 12; 23; 60.0; 2.1089154000073904
109; f; 26; 98; 0; 2; 69; 2; 1; 2; 3; 0; red; diamonds; 15; 67; 53.0; 3.2344424000039
109; f; 26; 98; 0; 2; 70; 1; 1; 1; 4; 1; red; dots; 15; 58; 61.0; 3.592563700003666
109; f; 26; 98; 0; 2; 71; 1; 1; 1; 4; 0; red; dots; 12; 14; 59.0; 1.5833963999903062
109; f; 26; 98; 0; 2; 72; 3; 1; 3; 2; 0; green; dots; 15; 76; 45.0; 1.2261674999899697
109; f; 26; 98; 0; 2; 73; 4; 1; 4; 1; 0; green; diamonds; 12; 41; 43.0; 1.4843088000052376
109; f; 26; 98; 0; 2; 74; 1; 1; 1; 4; 1; red; dots; 12; 14; 70.0; 3.2085882000101265
109; f; 26; 98; 0; 2; 75; 3; 1; 3; 2; 0; green; dots; 15; 76; 49.0; 2.5522581999975955
109; f; 26; 98; 0; 2; 76; 3; 1; 3; 2; 0; green; dots; 12; 32; 48.0; 1.808806100001675
109; f; 26; 98; 0; 2; 77; 2; 1; 2; 3; 1; red; diamonds; 12; 23; 67.0; 2.0263663999940036
109; f; 26; 98; 0; 2; 78; 1; 1; 1; 4; 1; red; dots; 12; 14; 69.0; 1.7264911999955075
109; f; 26; 98; 0; 2; 79; 4; 1; 4; 1; 0; green; diamonds; 15; 85; 45.0; 4.916222800005926
109; f; 26; 98; 0; 2; 80; 1; 1; 1; 4; 1; red; dots; 15; 58; 64.0; 2.784346500004176
109; f; 26; 98; 0; 2; 81; 3; 2; 2; 3; 0; red; diamonds; 12; 123; 64.0; 1.8167271999991499
109; f; 26; 98; 0; 2; 82; 3; 2; 2; 3; 0; red; diamonds; 15; 167; 60.0; 3.2927449000126217
109; f; 26; 98; 0; 2; 83; 4; 2; 1; 4; 0; red; dots; 15; 158; 73.0; 3.0926982999953907
109; f; 26; 98; 0; 2; 84; 3; 2; 2; 3; 0; red; diamonds; 12; 123; 67.0; 1.918741300003603
109; f; 26; 98; 0; 2; 85; 4; 2; 1; 4; 1; red; dots; 12; 114; 69.0; 2.6092347000085283
109; f; 26; 98; 0; 2; 86; 1; 2; 4; 1; 1; green; diamonds; 15; 185; 51.0; 5.97579909999331
109; f; 26; 98; 0; 2; 87; 4; 2; 1; 4; 0; red; dots; 12; 114; 63.0; 1.6596026000042912
109; f; 26; 98; 0; 2; 88; 3; 2; 2; 3; 0; red; diamonds; 15; 167; 65.0; 1.4587164999975357
109; f; 26; 98; 0; 2; 89; 3; 2; 2; 3; 0; red; diamonds; 15; 167; 62.0; 1.2830237000016496
109; f; 26; 98; 0; 2; 90; 1; 2; 4; 1; 0; green; diamonds; 12; 141; 45.0; 2.167444999999134
109; f; 26; 98; 0; 2; 91; 1; 2; 4; 1; 1; green; diamonds; 15; 185; 58.0; 2.8349229999876115
109; f; 26; 98; 0; 2; 92; 1; 2; 4; 1; 1; green; diamonds; 15; 185; 60.0; 2.9932238000037614
109; f; 26; 98; 0; 2; 93; 1; 2; 4; 1; 1; green; diamonds; 15; 185; 63.0; 1.6174797999992734
109; f; 26; 98; 0; 2; 94; 4; 2; 1; 4; 0; red; dots; 12; 114; 39.0; 1.3175642999995034
109; f; 26; 98; 0; 2; 95; 2; 2; 3; 2; 0; green; dots; 12; 132; 60.0; 1.434097399993334
109; f; 26; 98; 0; 2; 96; 2; 2; 3; 2; 0; green; dots; 15; 176; 44.0; 3.583699599999818
109; f; 26; 98; 0; 2; 97; 4; 2; 1; 4; 0; red; dots; 15; 158; 53.0; 1.7666701999987708
109; f; 26; 98; 0; 2; 98; 2; 2; 3; 2; 0; green; dots; 15; 176; 44.0; 3.609798300007242
109; f; 26; 98; 0; 2; 99; 2; 2; 3; 2; 1; green; dots; 15; 176; 62.0; 6.319252300003427
109; f; 26; 98; 0; 2; 100; 2; 2; 3; 2; 0; green; dots; 15; 176; 82.0; 4.225165899988497
109; f; 26; 98; 0; 2; 101; 1; 2; 4; 1; 0; green; diamonds; 15; 185; 56.0; 2.125498299996252
109; f; 26; 98; 0; 2; 102; 2; 2; 3; 2; 0; green; dots; 15; 176; 67.0; 2.5252228999888757
109; f; 26; 98; 0; 2; 103; 4; 2; 1; 4; 1; red; dots; 12; 114; 65.0; 2.4511038000055123
109; f; 26; 98; 0; 2; 104; 1; 2; 4; 1; 1; green; diamonds; 15; 185; 66.0; 1.8337180000089575
109; f; 26; 98; 0; 2; 105; 4; 2; 1; 4; 0; red; dots; 15; 158; 53.0; 3.9584513000008883
109; f; 26; 98; 0; 2; 106; 3; 2; 2; 3; 0; red; diamonds; 15; 167; 66.0; 1.3255793999996968
109; f; 26; 98; 0; 2; 107; 1; 2; 4; 1; 1; green; diamonds; 12; 141; 69.0; 1.0772722999972757
109; f; 26; 98; 0; 2; 108; 3; 2; 2; 3; 0; red; diamonds; 12; 123; 68.0; 2.3003490999981295
109; f; 26; 98; 0; 2; 109; 2; 2; 3; 2; 0; green; dots; 15; 176; 69.0; 1.5762263999931747
109; f; 26; 98; 0; 2; 110; 2; 2; 3; 2; 0; green; dots; 15; 176; 69.0; 2.057984500002931
109; f; 26; 98; 0; 2; 111; 2; 2; 3; 2; 1; green; dots; 15; 176; 73.0; 1.166668000005302
109; f; 26; 98; 0; 2; 112; 4; 2; 1; 4; 0; red; dots; 15; 158; 39.0; 1.2501139000087278
109; f; 26; 98; 0; 2; 113; 2; 2; 3; 2; 0; green; dots; 15; 176; 73.0; 1.184494100001757
109; f; 26; 98; 0; 2; 114; 1; 2; 4; 1; 1; green; diamonds; 15; 185; 68.0; 2.427687200004584
109; f; 26; 98; 0; 2; 115; 4; 2; 1; 4; 0; red; dots; 12; 114; 35.0; 1.9166987999924459
109; f; 26; 98; 0; 2; 116; 3; 2; 2; 3; 0; red; diamonds; 12; 123; 60.0; 4.092178100007004
109; f; 26; 98; 0; 2; 117; 3; 2; 2; 3; 0; red; diamonds; 12; 123; 56.0; 1.7603094000078272
109; f; 26; 98; 0; 2; 118; 1; 2; 4; 1; 1; green; diamonds; 12; 141; 66.0; 1.3765375999937532
109; f; 26; 98; 0; 2; 119; 3; 2; 2; 3; 0; red; diamonds; 15; 167; 63.0; 1.6351697000063723
109; f; 26; 98; 0; 2; 120; 4; 2; 1; 4; 0; red; dots; 12; 114; 35.0; 1.142715699999826
109; f; 26; 98; 0; 2; 121; 2; 2; 3; 2; 0; green; dots; 12; 132; 67.0; 1.585304799998994
109; f; 26; 98; 0; 2; 122; 2; 2; 3; 2; 0; green; dots; 15; 176; 63.0; 1.9186844000068959
109; f; 26; 98; 0; 2; 123; 3; 2; 2; 3; 0; red; diamonds; 12; 123; 63.0; 1.6095901999942726
109; f; 26; 98; 0; 2; 124; 2; 2; 3; 2; 1; green; dots; 15; 176; 71.0; 1.892089400003897
109; f; 26; 98; 0; 2; 125; 1; 2; 4; 1; 0; green; diamonds; 12; 141; 66.0; 3.4840154999983497
109; f; 26; 98; 0; 2; 126; 3; 2; 2; 3; 0; red; diamonds; 15; 167; 52.0; 2.0430492000014056
109; f; 26; 98; 0; 2; 127; 4; 2; 1; 4; 0; red; dots; 15; 158; 32.0; 1.3098574000032386
109; f; 26; 98; 0; 2; 128; 3; 2; 2; 3; 0; red; diamonds; 15; 167; 62.0; 1.2997170999879017
109; f; 26; 98; 0; 2; 129; 3; 2; 2; 3; 0; red; diamonds; 15; 167; 56.0; 4.635238199989544
109; f; 26; 98; 0; 2; 130; 2; 2; 3; 2; 0; green; dots; 12; 132; 62.0; 1.3587133999972139
109; f; 26; 98; 0; 2; 131; 3; 2; 2; 3; 0; red; diamonds; 12; 123; 61.0; 3.851160999998683
109; f; 26; 98; 0; 2; 132; 4; 2; 1; 4; 0; red; dots; 12; 114; 34.0; 1.8692528000101447
109; f; 26; 98; 0; 2; 133; 1; 2; 4; 1; 1; green; diamonds; 12; 141; 70.0; 2.185245599990594
109; f; 26; 98; 0; 2; 134; 4; 2; 1; 4; 0; red; dots; 15; 158; 36.0; 1.4250716999958968
109; f; 26; 98; 0; 2; 135; 4; 2; 1; 4; 1; red; dots; 12; 114; 51.0; 3.926197200009483
109; f; 26; 98; 0; 2; 136; 1; 2; 4; 1; 1; green; diamonds; 12; 141; 58.0; 3.5666859000048134
109; f; 26; 98; 0; 2; 137; 4; 2; 1; 4; 0; red; dots; 15; 158; 45.0; 1.6429689999931725
109; f; 26; 98; 0; 2; 138; 2; 2; 3; 2; 0; green; dots; 12; 132; 67.0; 1.4911326000001281
109; f; 26; 98; 0; 2; 139; 1; 2; 4; 1; 1; green; diamonds; 15; 185; 66.0; 1.741657499995199
109; f; 26; 98; 0; 2; 140; 1; 2; 4; 1; 1; green; diamonds; 12; 141; 71.0; 1.2522750999924028
109; f; 26; 98; 0; 2; 141; 3; 2; 2; 3; 0; red; diamonds; 15; 167; 37.0; 1.3665178999945056
109; f; 26; 98; 0; 2; 142; 1; 2; 4; 1; 1; green; diamonds; 12; 141; 74.0; 1.0762126999907196
109; f; 26; 98; 0; 2; 143; 2; 2; 3; 2; 0; green; dots; 12; 132; 62.0; 2.0508783999976004
109; f; 26; 98; 0; 2; 144; 4; 2; 1; 4; 0; red; dots; 15; 158; 38.0; 1.3095587999996496
109; f; 26; 98; 0; 2; 145; 2; 2; 3; 2; 0; green; dots; 12; 132; 64.0; 1.625466099998448
109; f; 26; 98; 0; 2; 146; 3; 2; 2; 3; 0; red; diamonds; 15; 167; 42.0; 1.2841332999960287
109; f; 26; 98; 0; 2; 147; 1; 2; 4; 1; 0; green; diamonds; 15; 185; 64.0; 1.5087935000046855
109; f; 26; 98; 0; 2; 148; 2; 2; 3; 2; 0; green; dots; 15; 176; 39.0; 3.3182409000000916
109; f; 26; 98; 0; 2; 149; 3; 2; 2; 3; 0; red; diamonds; 15; 167; 36.0; 1.2407849000010174
109; f; 26; 98; 0; 2; 150; 3; 2; 2; 3; 0; red; diamonds; 12; 123; 40.0; 2.318737499997951
109; f; 26; 98; 0; 2; 151; 4; 2; 1; 4; 0; red; dots; 12; 114; 40.0; 1.725376000002143
109; f; 26; 98; 0; 2; 152; 1; 2; 4; 1; 1; green; diamonds; 12; 141; 73.0; 1.1507512000098359
109; f; 26; 98; 0; 2; 153; 1; 2; 4; 1; 1; green; diamonds; 15; 185; 74.0; 1.2840161000058288
109; f; 26; 98; 0; 2; 154; 4; 2; 1; 4; 1; red; dots; 12; 114; 58.0; 3.29150030000892
109; f; 26; 98; 0; 2; 155; 1; 2; 4; 1; 1; green; diamonds; 12; 141; 76.0; 1.5662363000010373
109; f; 26; 98; 0; 2; 156; 2; 2; 3; 2; 1; green; dots; 15; 176; 66.0; 0.916553400005796
109; f; 26; 98; 0; 2; 157; 4; 2; 1; 4; 0; red; dots; 15; 158; 40.0; 1.1683009999978822
109; f; 26; 98; 0; 2; 158; 4; 2; 1; 4; 0; red; dots; 15; 158; 37.0; 1.3436485999991419
109; f; 26; 98; 0; 2; 159; 2; 2; 3; 2; 0; green; dots; 12; 132; 63.0; 3.509872999988147
109; f; 26; 98; 0; 2; 160; 3; 2; 2; 3; 0; red; diamonds; 15; 167; 35.0; 1.7762675999983912
